10       3.363553917388389
20       3.1148997612750358
30       3.279367380993719
40       3.249417651743625
50       3.3862480241702473
60       3.1952089480167083
70       3.1725803570718796
80       3.2275622903657935
90       3.0900766046055708
100       3.181500312843133
110       3.1119908915427366
120       3.189181449846475
130       3.1268289550899597
140       3.1069476639502054
150       3.1091319645333493
160       3.1170963730533936
170       3.195406304903895
180       3.0864364929919943
190       3.1454698308896236
200       3.1228388831107847
210       3.070639711929046
220       3.170355777219734
230       3.1797758214467553
240       3.1193180373533567
250       3.13280359236612
260       3.1464372469461783
270       3.1523144276882613
280       3.128364331712642
290       3.1541311581778078
300       3.181239253916633
310       3.0876548050033374
320       3.1617298327982595
330       3.1268022791159304
340       3.082037832486809
350       3.1241138395326655
360       3.0585313746028766
370       3.203170371846367
380       3.115011956097154
390       3.134511891317135
400       3.19844081203532
410       3.1272577134704163
420       3.1577444732899522
430       3.127708774958405
440       3.0951033067357043
450       3.1403678391507457
460       3.132990996073381
470       3.087840850891477
480       3.1785658988367262
490       3.1045379996005757
500       3.124229374901257
510       3.123646535906476
520       3.095278818331281
530       3.142450775130959
540       3.0731024746337683
550       3.1999083245703868
560       3.141203662444104
570       3.1415176667903624
580       3.178968313720425
590       3.1335685749774482
600       3.119086812345555
610       3.136348311176294
620       3.1306090799747013
630       3.1405877566836016
640       3.1497415438797516
650       3.1305573885484317
660       3.1248471079777027
670       3.132764836525248
680       3.137078723888333
690       3.1216488112792797
700       3.192321480794657
710       3.1285782499512793
720       3.1584977031933956
730       3.129094814828511
740       3.137548405811929
750       3.1603852383712896
760       3.1053961793452554
770       3.1376637013724338
780       3.118331376188386
790       3.142543647031717
800       3.1339147853246168
810       3.158310096241609
820       3.1358629769132653
830       3.1591083269990103
840       3.180174699298617
850       3.1355813586875656
860       3.1559689261109516
870       3.1290742959001876
880       3.1279799445765937
890       3.1221979326722176
900       3.1335214185677738
910       3.1977752658964302
920       3.1669329074713306
930       3.142744558805803
940       3.1506059845004732
950       3.1455416137499492
960       3.136623954726137
970       3.128653608391231
980       3.1296873611772456
990       3.1926920219552644
1000       3.1331389246701655
1010       3.153369918013337
1020       3.12255936101719
1030       3.099449012582151
1040       3.125185442650486
1050       3.1138196365320323
1060       3.155687872281873
1070       3.146428579666354
1080       3.1489311386885293
1090       3.1618849294707365
1100       3.1418404217512244
1110       3.148038793123118
1120       3.1533975079098844
1130       3.1506932193024193
1140       3.1235171688827066
1150       3.1650747589152513
1160       3.1555389767976663
1170       3.1312187881485425
1180       3.109109340166621
1190       3.1589011229252306
1200       3.156273607243459
1210       3.1488559808390275
1220       3.148336825701961
1230       3.181660425578188
1240       3.1496538230009645
1250       3.150948015791806
1260       3.1471052073420425
1270       3.1510203118727853
1280       3.141917564198589
1290       3.14932590286895
1300       3.1486066982205636
1310       3.131768140807757
1320       3.128605547048304
1330       3.150787203486143
1340       3.1548645328841687
1350       3.1176688611981236
1360       3.157919512935491
1370       3.1433316057325964
1380       3.125207751954713
1390       3.1243502431611416
1400       3.1307437980166553
1410       3.126283941082307
1420       3.1548336480119774
1430       3.176235850759084
1440       3.122232070104313
1450       3.1395301384886336
1460       3.089862090695748
1470       3.153149827966616
1480       3.14198967729285
1490       3.1432664104715786
1500       3.1242107012518687
1510       3.1505275585213766
1520       3.1627617573761
1530       3.114305514664345
1540       3.1261659639309936
1550       3.134944409550978
1560       3.15268820554673
1570       3.142444076973656
1580       3.1606773282418503
1590       3.147333657321063
1600       3.151111252984302
1610       3.110365994947934
1620       3.1683748424771294
1630       3.1385757137120183
1640       3.1448460664105293
1650       3.1491290798965372
1660       3.1319358459597986
1670       3.1280437421135643
1680       3.118903685299228
1690       3.1266411024236267
1700       3.160999739823417
1710       3.1503314659907193
1720       3.127186372018362
1730       3.1152654736848877
1740       3.128909727615526
1750       3.1447158049454016
1760       3.1605653231022663
1770       3.135500934960346
1780       3.1411127570091253
1790       3.109706567522266
1800       3.1232958677888223
1810       3.1559940047199304
1820       3.0971237290093994
1830       3.140865147188838
1840       3.155538793168092
1850       3.156168398760331
1860       3.134247701611985
1870       3.1405570413321593
1880       3.1114239404548973
1890       3.1646243499347118
1900       3.1518652439430657
1910       3.1428362619718953
1920       3.129558748854571
1930       3.1388892234365793
1940       3.1328889600347725
1950       3.142894218054426
1960       3.1379036753446576
1970       3.15607720306873
1980       3.149598818482935
1990       3.1591452159069333
2000       3.1605745279955877
2010       3.1333115018213884
2020       3.112697494410381
2030       3.1333265080763666
2040       3.1452670548407404
2050       3.120097676644245
2060       3.1439522055029885
2070       3.1402923492598735
2080       3.1531891464918576
2090       3.130950478236396
2100       3.1715786379325963
2110       3.157029515728826
2120       3.1374323896701237
2130       3.1461958321051036
2140       3.147166302448819
2150       3.1287392944528514
2160       3.146517240760803
2170       3.142180985770544
2180       3.1243827612040924
2190       3.1432920176199386
2200       3.1353634791024145
2210       3.1375967499658484
2220       3.1662449315769416
2230       3.1341110652809956
2240       3.1277114082448865
2250       3.1611463144104106
2260       3.1361818981599003
2270       3.1228179725187046
2280       3.1633914180049065
2290       3.144901362322042
2300       3.1488843300183103
2310       3.1509377328190946
2320       3.151559339105705
2330       3.1315274328120903
2340       3.1513800076079868
2350       3.136995787710476
2360       3.154321506464785
2370       3.14292811005089
2380       3.1036502871914133
2390       3.1367086767366095
2400       3.145917645283311
2410       3.1111544351164295
2420       3.1699272959108464
2430       3.1580979159460054
2440       3.1421055770592785
2450       3.1458199700313134
2460       3.1360449827663266
2470       3.1663461513197597
2480       3.130426651755837
2490       3.1352254681831613
2500       3.1278253398114346
2510       3.1204890937252245
2520       3.1362884637888246
2530       3.146817095714127
2540       3.1481998160362266
2550       3.125801802251211
2560       3.134749478650316
2570       3.134199986573118
2580       3.1360969207279155
2590       3.153578801289345
2600       3.157704744003921
2610       3.1136927518639665
2620       3.1573313958508926
2630       3.132076249716576
2640       3.154901667950893
2650       3.1387670991853116
2660       3.1397914537483262
2670       3.143078178613306
2680       3.15228515263227
2690       3.140701090312172
2700       3.1440829617373414
2710       3.1546125789844774
2720       3.1814574714248134
2730       3.1272511137190997
2740       3.1449641087491176
2750       3.1249430981027477
2760       3.1416207757099888
2770       3.145466963981553
2780       3.145576851687752
2790       3.1423269294062495
2800       3.135717676539137
2810       3.1650523961209855
2820       3.133325025269133
2830       3.131883207931204
2840       3.1370716426523644
2850       3.1184070233219443
2860       3.151431117621231
2870       3.1389759340669996
2880       3.1381690965086264
2890       3.144319560642191
2900       3.1566047567687536
2910       3.1475252364144026
2920       3.15080122364603
2930       3.1380856664638834
2940       3.14065801364522
2950       3.1532097142276463
2960       3.1468192361292058
2970       3.1350083997923863
2980       3.1474510146280945
2990       3.1471297969417993
3000       3.1408841515434727
3010       3.155423744869551
3020       3.1508935842606474
3030       3.1513883067430672
3040       3.124685878830546
3050       3.163845091451066
3060       3.1452059857271983
3070       3.1521390797868025
3080       3.1385444980016057
3090       3.140369555235339
3100       3.145667021696217
3110       3.1299981465878304
3120       3.117248716155571
3130       3.139383464478004
3140       3.1493150684646185
3150       3.1413924783931386
3160       3.148999483682433
3170       3.145839336750699
3180       3.137180135021353
3190       3.1289819335180855
3200       3.1351849394040014
3210       3.1316180763328028
3220       3.148322985811585
3230       3.141305470982211
3240       3.142214502135423
3250       3.161878101966761
3260       3.1370976514750692
3270       3.1406726929683497
3280       3.121095523287921
3290       3.1360837381218816
3300       3.1428031148108757
3310       3.1387150293848887
3320       3.1424667484187774
3330       3.1333746968941574
3340       3.166970468654677
3350       3.1466978924929307
3360       3.138352176614735
3370       3.1375790608647414
3380       3.151729129904103
3390       3.1308672776002022
3400       3.127001726182463
3410       3.1285333424013055
3420       3.1414898050125344
3430       3.139629791837745
3440       3.1340201173532125
3450       3.1499734951657374
3460       3.1503982172018956
3470       3.143465960048859
3480       3.1475302990001213
3490       3.155382233790412
3500       3.150348946560131
3510       3.145331745625557
3520       3.143557709111444
3530       3.1283248934180006
3540       3.138158679428773
3550       3.1499179104117534
3560       3.15337932816589
3570       3.136642941556249
3580       3.1512442967217287
3590       3.1503070041327996
3600       3.152401507971078
3610       3.1367493028394913
3620       3.135112616826195
3630       3.1460927877695672
3640       3.1443991705013836
3650       3.145768103241902
3660       3.1488225619595287
3670       3.1553398894153393
3680       3.1638624994254143
3690       3.133481543105261
3700       3.1148401268041206
3710       3.1434519942885433
3720       3.1301420723125055
3730       3.147168654675373
3740       3.1396535190193777
3750       3.13101386687667
3760       3.140478379191379
3770       3.1523665069842908
3780       3.124139299929141
3790       3.1459955481542496
3800       3.14510829408289
3810       3.1489361274362464
3820       3.123358042650147
3830       3.142510133818512
3840       3.143590280584027
3850       3.1397337588992276
3860       3.1379077084037026
3870       3.146940972303041
3880       3.1216558686404197
3890       3.153705499667363
3900       3.142164323159746
3910       3.132256573787287
3920       3.130077037138331
3930       3.1435227615978745
3940       3.1589015826861844
3950       3.14668486123038
3960       3.1473310379353565
3970       3.133680159508468
3980       3.1452015593872606
3990       3.132721672995379
4000       3.124311610011711
4010       3.1312428743297023
4020       3.1373075644292734
4030       3.1463065323684773
4040       3.1238412703182865
4050       3.136754437599374
4060       3.138349044913298
4070       3.1366222720016297
4080       3.154887141193132
4090       3.151231394987939
4100       3.140603611598265
4110       3.131979270773065
4120       3.1479840516224398
4130       3.1486308822106133
4140       3.1511407037920955
4150       3.136169379937693
4160       3.145289244235533
4170       3.135677111386342
4180       3.1597720849989557
4190       3.128208652891842
4200       3.1576146274755614
4210       3.125441631684855
4220       3.1325857065303326
4230       3.1468793518906337
4240       3.139463690748825
4250       3.1436121154027554
4260       3.1300796609756505
4270       3.143650351687502
4280       3.135529506996575
4290       3.1410914422737206
4300       3.163736470950301
4310       3.1331465666250247
4320       3.1406503514135085
4330       3.146765476395379
4340       3.1363894898316094
4350       3.123442203283356
4360       3.144350848829829
4370       3.1278018445521263
4380       3.1477288168806137
4390       3.144312190271403
4400       3.138252811978724
4410       3.1370504189386157
4420       3.135951721911389
4430       3.1436203753781378
4440       3.1478478371375456
4450       3.1431360610345567
4460       3.1319630192164896
4470       3.146918877996386
4480       3.129280853832766
4490       3.137737165525713
4500       3.1547856366842373
4510       3.1391491470531294
4520       3.1357721844640936
4530       3.154038254243519
4540       3.1597346926758347
4550       3.146796097726241
4560       3.1523259490895934
4570       3.124627738929243
4580       3.131839143798028
4590       3.1572108161442225
4600       3.148639567793095
4610       3.140456635560292
4620       3.1514295000266177
4630       3.145281061157474
4640       3.150968817058038
4650       3.146193552339491
4660       3.1255723918243126
4670       3.138139053441125
4680       3.118921071625882
4690       3.140177590978586
4700       3.1464340266100432
4710       3.138932980975915
4720       3.156780434822069
4730       3.13932855578414
4740       3.1486356269261866
4750       3.1404904089416608
4760       3.1458577746779457
4770       3.1358882197577063
4780       3.1459161194863747
4790       3.1458179873886545
4800       3.15033265697376
4810       3.1185565295424755
4820       3.120441211084829
4830       3.157351223775216
4840       3.155706845872158
4850       3.134396026226265
4860       3.1343138715360013
4870       3.139078870647756
4880       3.1532749656471757
4890       3.1285199368754206
4900       3.166262872758388
4910       3.134173129476563
4920       3.1441465081769815
4930       3.1372000570123855
4940       3.1402997615921833
4950       3.123720739036663
4960       3.1277044709036868
4970       3.1287571302286366
4980       3.1474736101376277
4990       3.1636674561069418
5000       3.132369060663756
5010       3.1189172698290837
5020       3.143954376695092
5030       3.1483196909583224
5040       3.1301268654395353
5050       3.1212249762436612
5060       3.1291947931632844
5070       3.130936084853611
5080       3.16027167718011
5090       3.1325888365637073
5100       3.14284080178476
5110       3.1535973660572734
5120       3.1319572852308477
5130       3.1497825757115603
5140       3.136659994726894
5150       3.130093345394311
5160       3.1445258383043377
5170       3.139446329123514
5180       3.1330453572453267
5190       3.1435577797805174
5200       3.1447755620924123
5210       3.1449406056923053
5220       3.1462145822998675
5230       3.136416834435617
5240       3.14221319233562
5250       3.140203242604279
5260       3.136272418069545
5270       3.1359997103017014
5280       3.145102371837287
5290       3.145753761190804
5300       3.139522685055712
5310       3.1481815767028953
5320       3.1415759555548464
5330       3.153591106258632
5340       3.153607979798785
5350       3.1511776698619878
5360       3.111914653127649
5370       3.1367189872434107
5380       3.133187663923768
5390       3.1575952170970987
5400       3.1449760560208198
5410       3.133147210464102
5420       3.131673084805193
5430       3.143576470131839
5440       3.1469801128819515
5450       3.130096779043644
5460       3.1584692554159295
5470       3.145561507306574
5480       3.158057087851581
5490       3.1435168713929187
5500       3.1352014883136192
5510       3.133517523074006
5520       3.1473036180516405
5530       3.133044558519735
5540       3.1433135020954275
5550       3.1419444944405295
5560       3.128502585881222
5570       3.1336393003153784
5580       3.1588047548920546
5590       3.1508179274174637
5600       3.136929504982249
5610       3.123947420021379
5620       3.1435945634968787
5630       3.131018329346636
5640       3.136407223442509
5650       3.135563452767189
5660       3.128844418876268
5670       3.146670071187565
5680       3.1312658174134445
5690       3.147868698871272
5700       3.1481300141435873
5710       3.1419514676408387
5720       3.1544969145112804
5730       3.1436241327726107
5740       3.145750937249648
5750       3.1449134191112416
5760       3.1331949392349787
5770       3.1424033594976657
5780       3.148290591969886
5790       3.1431408729860184
5800       3.1405557510879025
5810       3.1424061058759056
5820       3.1450551442340435
5830       3.152184055554319
5840       3.143715767367399
5850       3.155273129998094
5860       3.1435322404829273
5870       3.1397125734717566
5880       3.15448221335584
5890       3.143743787585527
5900       3.1532211029008295
5910       3.144210965691328
5920       3.138374449421197
5930       3.1445840010541954
5940       3.1424437783940546
5950       3.1404686335994043
5960       3.1329898955428663
5970       3.1416189214367685
5980       3.128472224818901
5990       3.1422119416127203
6000       3.1335131914162577
6010       3.1300569732585233
6020       3.1341188039287458
6030       3.130124205369534
6040       3.156343738932272
6050       3.1374080441734447
6060       3.134150488745965
6070       3.141969277889328
6080       3.138608879372821
6090       3.1353287555868037
6100       3.1392935102505293
6110       3.1332759266733636
6120       3.142285325803959
6130       3.1375360643322745
6140       3.1453541199082227
6150       3.1374085029999357
6160       3.13464057967708
6170       3.1393094921939637
6180       3.133210272027946
6190       3.139701765621064
6200       3.148433182142812
6210       3.134843511830199
6220       3.146389219347299
6230       3.1471249294498422
6240       3.137791583511621
6250       3.133451813161367
6260       3.1518478279646454
6270       3.1215700356007283
6280       3.1481613642355577
6290       3.1277845287911172
6300       3.131988912235935
6310       3.1271238868271323
6320       3.131038504969797
6330       3.1427765370528644
6340       3.12391264441267
6350       3.1469813423010042
6360       3.150284683434207
6370       3.1460936730621905
6380       3.133703190518337
6390       3.1436146524589637
6400       3.154503444201496
6410       3.1400339075681933
6420       3.146119254577308
6430       3.1440152949810556
6440       3.1454700600189955
6450       3.129072876368566
6460       3.1341295450642956
6470       3.1409847350595226
6480       3.142280051070744
6490       3.140625120725079
6500       3.1357712497856745
6510       3.1416114112344675
6520       3.143174441720642
6530       3.1448818354881416
6540       3.140963470296837
6550       3.138197170177426
6560       3.137919481421651
6570       3.126025013472575
6580       3.126890142270746
6590       3.14173527847986
6600       3.140518698342298
6610       3.128843916854255
6620       3.1410179489336785
6630       3.1287590534975287
6640       3.154678831486656
6650       3.1310292711173386
6660       3.1319305177465306
6670       3.1336801068428293
6680       3.136443665307494
6690       3.1467125115208785
6700       3.1400257258318285
6710       3.1217385837116076
6720       3.1277276722146112
6730       3.148140809062968
6740       3.1301433755675228
6750       3.1334954925240757
6760       3.139635334796801
6770       3.1387132971081675
6780       3.131660331870644
6790       3.1439291909123264
6800       3.144949324955667
6810       3.13828519212945
6820       3.1232907757226718
6830       3.1387542411704916
6840       3.1437390238806517
6850       3.1403205321592145
6860       3.140706629281359
6870       3.1576028934076716
6880       3.1420426412297564
6890       3.140646845642293
6900       3.1501472551253284
6910       3.134198464978383
6920       3.1361256714367762
6930       3.1315216985225724
6940       3.1426094893078234
6950       3.1500419074782293
6960       3.136402526334896
6970       3.1511164680900867
6980       3.149216995574941
6990       3.1488510071837252
7000       3.134257082663622
7010       3.134199202132806
7020       3.137701195166383
7030       3.139077507355667
7040       3.141660258192984
7050       3.138647722108883
7060       3.1360380078322647
7070       3.14235337878202
7080       3.137824955857331
7090       3.1349332500672134
7100       3.12995752259095
7110       3.1353514467155614
7120       3.141093370937326
7130       3.1401878358335287
7140       3.1367002608116925
7150       3.149712519576911
7160       3.14414866526384
7170       3.141419734520619
7180       3.145061944387016
7190       3.131845794041145
7200       3.141216007398115
7210       3.139791209024674
7220       3.1363016427856363
7230       3.1319960035296908
7240       3.1387985015809092
7250       3.157483096828769
7260       3.1373717704101667
7270       3.1480699075704917
7280       3.152571239967441
7290       3.140725278312793
7300       3.134173624407358
7310       3.134459682289725
7320       3.1372636753188505
7330       3.1314570446500682
7340       3.1401234823878057
7350       3.141885746554242
7360       3.1483745441504505
7370       3.1341674492784963
7380       3.136986092194605
7390       3.1540154753268275
7400       3.1340894469821587
7410       3.151740749853678
7420       3.1456334191642403
7430       3.1299380053811974
7440       3.141499202222495
7450       3.138270896979936
7460       3.1382224441569533
7470       3.1439789911231237
7480       3.132561162646643
7490       3.1464335451423437
7500       3.136934793774722
7510       3.1368142566169137
7520       3.144232444537425
7530       3.143919024792151
7540       3.134858820320703
7550       3.1341102954372144
7560       3.1401873176267405
7570       3.1479190955961465
7580       3.144884054524836
7590       3.147555316970792
7600       3.136297845814175
7610       3.1503816174259853
7620       3.149971375353897
7630       3.136984316854542
7640       3.1485519883192636
7650       3.143959559950458
7660       3.1512734710561263
7670       3.139679970087679
7680       3.134984873637276
7690       3.1491413418865206
7700       3.130522890169919
7710       3.141360139129875
7720       3.1358178045739273
7730       3.1315881643302315
7740       3.14722327168085
7750       3.130264294938353
7760       3.154147828329081
7770       3.144009860086499
7780       3.136079952079703
7790       3.134675716272606
7800       3.1467738741214153
7810       3.132240188379014
7820       3.1397959886668714
7830       3.14029467969131
7840       3.147644674692499
7850       3.1330229538121532
7860       3.1389058681656796
7870       3.1406152548629285
7880       3.125967101492323
7890       3.1420829703225244
7900       3.146723621932779
7910       3.149372259242478
7920       3.139831068447328
7930       3.1456703098656975
7940       3.130305647468369
7950       3.1451374529627056
7960       3.1403632045876706
7970       3.128423769612766
7980       3.12867523726842
7990       3.1311169716440554
8000       3.1339978820723773
8010       3.1310212626720233
8020       3.140479516788823
8030       3.1332096017216706
8040       3.1407244735309834
8050       3.1499024678509087
8060       3.134114469217475
8070       3.138587437547431
8080       3.146672573895282
8090       3.131620286668815
8100       3.1420716331124603
8110       3.14003558278859
8120       3.143351317580209
8130       3.1429077452598557
8140       3.1357433813647964
8150       3.150495045439198
8160       3.1477003054011936
8170       3.147611344878007
8180       3.1408123953939575
8190       3.144235957129083
8200       3.1414082125288862
8210       3.137305136253914
8220       3.1348899530664704
8230       3.1400911968811753
8240       3.1524237217804556
8250       3.143294227642495
8260       3.1400571868942575
8270       3.147287576787506
8280       3.138795347264796
8290       3.1504370948140514
8300       3.1492522455477694
8310       3.1405101052571807
8320       3.1448298303111777
8330       3.1484547826734373
8340       3.140449270028779
8350       3.1432636802301217
8360       3.1486374136726787
8370       3.1328949983045704
8380       3.1502717481802875
8390       3.145183713053986
8400       3.1330145300785293
8410       3.137645644342471
8420       3.146495108484458
8430       3.1384174025228933
8440       3.140762017734142
8450       3.1402417636242443
8460       3.1451603882371213
8470       3.157928677627806
8480       3.140343063858978
8490       3.1417240100729384
8500       3.1435437353772744
8510       3.141208448083569
8520       3.151461988966325
8530       3.14728097973486
8540       3.138848035439693
8550       3.1361022334193582
8560       3.1493065884930997
8570       3.1429387083449716
8580       3.141969464864486
8590       3.153789180517146
8600       3.138016290322288
8610       3.1415813929757723
8620       3.1431321506239236
8630       3.1334353305586595
8640       3.1459978563524897
8650       3.1325714565802776
8660       3.149873627620266
8670       3.1499170514844645
8680       3.1362564553364347
8690       3.1298225330258824
8700       3.144546113981348
8710       3.137538643584482
8720       3.1385974852777063
8730       3.138291265016155
8740       3.137958431918207
8750       3.1562738575239875
8760       3.1355622577949234
8770       3.1408227820764174
8780       3.1428137800886606
8790       3.1311381471462965
8800       3.1388804795581984
8810       3.1402311630618236
8820       3.1451435450733327
8830       3.1307376854666416
8840       3.1404827861433504
8850       3.140682540013243
8860       3.1474246354547564
8870       3.1493881323036526
8880       3.144525387093481
8890       3.14242805193675
8900       3.139729513849617
8910       3.144660977080904
8920       3.1312486841528053
8930       3.1486020512583526
8940       3.139452249917772
8950       3.134192691961989
8960       3.1469492975802766
8970       3.1487368981152057
8980       3.1427384744580027
8990       3.141585894050467
9000       3.1449526969722905
9010       3.1397357160258714
9020       3.1488808265645063
9030       3.1346318034094978
9040       3.147544039970574
9050       3.131472245564113
9060       3.147430448861418
9070       3.1470227505115385
9080       3.144395750143759
9090       3.1408824586426647
9100       3.137590550439276
9110       3.1402583829812354
9120       3.142548310516014
9130       3.1479295255584883
9140       3.1364102758132506
9150       3.1403431818025944
9160       3.14491346761109
9170       3.15002076071383
9180       3.1610713068169556
9190       3.1471592364172873
9200       3.1419343205040873
9210       3.150559242603739
9220       3.135943709369861
9230       3.1401168671769284
9240       3.144510304032322
9250       3.1405539749102616
9260       3.137945247253779
9270       3.1284607647921185
9280       3.134541186995069
9290       3.1396800983249324
9300       3.14469253876496
9310       3.1466885463648357
9320       3.144450527597464
9330       3.153659408763914
9340       3.1449632110361954
9350       3.1485044948425034
9360       3.1341323065938624
9370       3.140014176470464
9380       3.1474036705424395
9390       3.1427790167008043
9400       3.140229521882642
9410       3.1375909475685733
9420       3.1378405936830647
9430       3.1486825502395734
9440       3.132383893317625
9450       3.141417447676274
9460       3.135798689683468
9470       3.1371797063249827
9480       3.1435088589560856
9490       3.144424958196227
9500       3.150950556639701
9510       3.1469186329600065
9520       3.134149514506414
9530       3.1350847250318714
9540       3.1505175886646724
9550       3.135519205374187
9560       3.1349799904204496
9570       3.143750449741327
9580       3.1539831921367427
9590       3.148749261043334
9600       3.1446575591708847
9610       3.1382764503461607
9620       3.133524533445271
9630       3.1284313701972293
9640       3.1483273082832923
9650       3.136093255783284
9660       3.1462110720271848
9670       3.1334265252053797
9680       3.1441817519429565
9690       3.1342123623535483
9700       3.1419267696125113
9710       3.138290275450475
9720       3.136226029777331
9730       3.1239683907282294
9740       3.1448011599557737
9750       3.143958841861727
9760       3.135815810741793
9770       3.1369950112741676
9780       3.147882742790835
9790       3.1400842952926964
9800       3.154447992766993
9810       3.145074280929551
9820       3.144005181872461
9830       3.131583052539297
9840       3.1455335854558015
9850       3.1399660728071153
9860       3.1519916012791676
9870       3.1383037968601175
9880       3.1434885968184214
9890       3.134506137903391
9900       3.1562039268356
9910       3.138338322137617
9920       3.1440579324899165
9930       3.1472114524163417
9940       3.1433947705157292
9950       3.154041061131681
9960       3.1409925232217444
9970       3.1431099643004075
9980       3.1458874849467664
9990       3.1375065070173633
10000       3.143209158186277
10010       3.1258298839670644
10020       3.140809292487151
10030       3.1411772576125756
10040       3.134476525298232
10050       3.14582523336861
10060       3.135239074889743
10070       3.135410911046125
10080       3.1414173592038037
10090       3.1453949493833484
10100       3.1383838903839814
10110       3.141568422527627
10120       3.1395853227239927
10130       3.145968326893103
10140       3.137791167033821
10150       3.142055958558181
10160       3.1356035500180264
10170       3.144579710580759
10180       3.1476591391252
10190       3.1376510815108696
10200       3.129825400975633
10210       3.1425729928746047
10220       3.130338478288256
10230       3.1344733471277615
10240       3.139472666568593
10250       3.141143854548583
10260       3.1390560238254066
10270       3.141045289170472
10280       3.1415271164358733
10290       3.1374279015074156
10300       3.1474193484320696
10310       3.148988727266129
10320       3.1455285079932214
10330       3.1411165129348935
10340       3.151055513779594
10350       3.143755440114614
10360       3.1406667350441175
10370       3.1307585968267695
10380       3.133913041672617
10390       3.137747639738732
10400       3.1437856409246363
10410       3.1476432478511067
10420       3.146041046082427
10430       3.1388994817310705
10440       3.140588944191285
10450       3.1480016903878596
10460       3.13450838124722
10470       3.1425935397287144
10480       3.1436008316128503
10490       3.1422407962470547
10500       3.144023207046666
10510       3.132791997707595
10520       3.1387669127116182
10530       3.1366806595785794
10540       3.1399312567511863
10550       3.14109200126253
10560       3.1393106475593355
10570       3.1368637724620885
10580       3.1485080410354986
10590       3.1408065766653306
10600       3.1480510763487954
10610       3.1399195457851286
10620       3.145689728681154
10630       3.141213351899893
10640       3.1558513393339886
10650       3.140831697108976
10660       3.139102763878436
10670       3.1340843832498684
10680       3.143099620509134
10690       3.147975079566551
10700       3.150136488936021
10710       3.1514926784119863
10720       3.140384293243866
10730       3.1341816461047296
10740       3.1335926006557178
10750       3.1493952277513153
10760       3.131799662352435
10770       3.1434351491914825
10780       3.1380570343771343
10790       3.1529654366621256
10800       3.1463242664248603
10810       3.1434937260714797
10820       3.1457999905773475
10830       3.1381210515066997
10840       3.1338141624912517
10850       3.149027770632336
10860       3.140533920723577
10870       3.130220029838687
10880       3.1442207760890333
10890       3.1472405491044357
10900       3.1395872797932642
10910       3.145647985196219
10920       3.1336062985516038
10930       3.145172949321593
10940       3.1473733259624184
10950       3.1315191128018522
10960       3.152569982589604
10970       3.1479669581182748
10980       3.145968101982618
10990       3.147333351245253
11000       3.1484542442983368
11010       3.1411842570702206
11020       3.1440837497271112
11030       3.147885043691173
11040       3.1457512654046083
11050       3.142227961219673
11060       3.13699581146344
11070       3.138284708628015
11080       3.1447556307412667
11090       3.1453097944556845
11100       3.1342394013737063
11110       3.1444163411727692
11120       3.140041847454945
11130       3.1324543000674554
11140       3.1440608107035257
11150       3.1385880312435854
11160       3.1442537335775365
11170       3.1562775105169836
11180       3.1393351660040025
11190       3.1396970821738104
11200       3.1372612726599964
11210       3.1305048355734177
11220       3.1462765523219907
11230       3.153527684230623
11240       3.1398491071345824
11250       3.150237657557831
11260       3.133802884276435
11270       3.135767503541426
11280       3.141651241010119
11290       3.1421294496744716
11300       3.141294441202924
11310       3.1474992701843174
11320       3.1466797614185062
11330       3.141461070896927
11340       3.1344817384083865
11350       3.146515583728726
11360       3.144256809360547
11370       3.135484323140345
11380       3.141013874446053
11390       3.14784553092283
11400       3.144528328464051
11410       3.133717009627924
11420       3.143504568610565
11430       3.1509421961335193
11440       3.1361250258188558
11450       3.1418306952338435
11460       3.1433844039183882
11470       3.138343055404332
11480       3.137284304274439
11490       3.1389847332613487
11500       3.1504119422131387
11510       3.1442231018286044
11520       3.147422992250593
11530       3.1450772740054815
11540       3.141203527794201
11550       3.1474487278066063
11560       3.143846348728925
11570       3.1418104711151362
11580       3.1314761998052205
11590       3.148450366488493
11600       3.144797425631021
11610       3.134915261499511
11620       3.1445303173010832
11630       3.1482209693095857
11640       3.133531786606293
11650       3.1418944222946896
11660       3.1412859895962026
11670       3.1474481432804864
11680       3.1391759409159774
11690       3.1445898856780934
11700       3.136854551646075
11710       3.1456170506396557
11720       3.1412281420948887
11730       3.130442422929738
11740       3.1409391648987137
11750       3.138992740819334
11760       3.1306599724637456
11770       3.134398452214321
11780       3.146512307054027
11790       3.151119822687515
11800       3.1459180719429343
11810       3.1360624318468138
11820       3.1460111272961164
11830       3.1272041152059997
11840       3.1376811596277285
11850       3.1483495967300343
11860       3.1490861888307684
11870       3.141967225860326
11880       3.138574189758055
11890       3.130344370507928
11900       3.1456552713839656
11910       3.137456460855243
11920       3.137798932613391
11930       3.144577628298661
11940       3.148259913905638
11950       3.144810648485387
11960       3.1492846524798126
11970       3.1426283301326814
11980       3.143453456549718
11990       3.142212157169971
12000       3.136368949972876
12010       3.1285374276487317
12020       3.1399902736048375
12030       3.14026642976938
12040       3.1430573083511275
12050       3.142810630823624
12060       3.131845284166787
12070       3.1430827246343016
12080       3.1419523938858935
12090       3.132901927015146
12100       3.1400344914905163
12110       3.140747974368746
12120       3.1548042186410226
12130       3.147546588923258
12140       3.1429037021453574
12150       3.1391788606150652
12160       3.1433447101597314
12170       3.1426645669223627
12180       3.135660230367099
12190       3.133554391286359
12200       3.1432767484906754
12210       3.136679223108415
12220       3.1418020678639973
12230       3.1572224751541826
12240       3.1422727404571273
12250       3.132760808675849
12260       3.1523263437407163
12270       3.1430474593334097
12280       3.1441396927481167
12290       3.1291165548127404
12300       3.1394085717867393
12310       3.1359800075607147
12320       3.139367915204833
12330       3.1444806977887154
12340       3.1423954138258425
12350       3.1361932470926757
12360       3.138595499653755
12370       3.135464834446643
12380       3.1406518517312008
12390       3.1383551918015744
12400       3.143618473317688
12410       3.141969878798035
12420       3.140547224481967
12430       3.1419229191487563
12440       3.1442354808468687
12450       3.139528406076703
12460       3.1445010022965314
12470       3.135133142400301
12480       3.1354288423777574
12490       3.1523067961920828
12500       3.138399403761202
12510       3.1353989916558014
12520       3.131151854179468
12530       3.143765111482064
12540       3.1430945568093294
12550       3.1395248566050222
12560       3.145289872952048
12570       3.1374601833944014
12580       3.1450132138506484
12590       3.145380019069838
12600       3.136208237959437
12610       3.149038517567986
12620       3.129172301359886
12630       3.1463061342743015
12640       3.1401073725733846
12650       3.143261718616602
12660       3.1322944260658794
12670       3.1417082198859267
12680       3.1439942667197798
12690       3.1402036062236918
12700       3.1452015839751093
12710       3.141639017282722
12720       3.1302374744249115
12730       3.140549351044268
12740       3.1386024494238915
12750       3.1356103008774134
12760       3.1475884379379018
12770       3.150976745338955
12780       3.136699536464956
12790       3.137135342903732
12800       3.1435902308233183
12810       3.1413488398978853
12820       3.1421891687516883
12830       3.139380882446821
12840       3.1464084428049457
12850       3.1364549007308176
12860       3.146425059442885
12870       3.138487998411355
12880       3.1380950122114104
12890       3.145872590805582
12900       3.1380081358095846
12910       3.141761954185696
12920       3.1484103252785283
12930       3.1403705995986337
12940       3.1466828999230847
12950       3.14607642915124
12960       3.13639410127815
12970       3.1441737792835993
12980       3.1421641786282453
12990       3.1400674617823063
13000       3.1283598359824616
13010       3.151597716224839
13020       3.1342962238151584
13030       3.150289710402439
13040       3.144389402020265
13050       3.1537476339615336
13060       3.1508456381926475
13070       3.143817775242716
13080       3.154527932302906
13090       3.1388896323816495
13100       3.143791211150655
13110       3.140003785554523
13120       3.1418271528657344
13130       3.1487725042753625
13140       3.142718341309601
13150       3.1362702489539624
13160       3.140882652674568
13170       3.134883563463887
13180       3.134407762479858
13190       3.13776248440804
13200       3.1476587855538036
13210       3.1356740224661985
13220       3.1437562021506955
13230       3.1415669076929036
13240       3.142802505905968
13250       3.1413527370885594
13260       3.141106673829434
13270       3.1350165221906634
13280       3.145918966495222
13290       3.1358421464138915
13300       3.145272488554186
13310       3.1388033857442794
13320       3.1427710735052887
13330       3.1368011843158365
13340       3.1392991077776524
13350       3.1363808418033656
13360       3.1403063267521434
13370       3.1239615869665776
13380       3.1420529373532697
13390       3.1489716524172215
13400       3.142892738590883
13410       3.1394901265374022
13420       3.134420036274079
13430       3.141111410582801
13440       3.1436535545003066
13450       3.143219119699383
13460       3.1521573765673865
13470       3.1389299829126376
13480       3.148303898513141
13490       3.1404882679339594
13500       3.1432205368785593
13510       3.1332426992188083
13520       3.144593310092887
13530       3.1407840254430743
13540       3.1376637057712795
13550       3.1460503052226123
13560       3.1411352613017245
13570       3.1422738208829837
13580       3.142829804727586
13590       3.1419885995427776
13600       3.1457871811930938
13610       3.1479534519711123
13620       3.1384694684566106
13630       3.148582451028843
13640       3.135597298345557
13650       3.1441950570975905
13660       3.144714714408152
13670       3.1313977673211957
13680       3.1370805239709387
13690       3.1452275453010796
13700       3.1427141962992287
13710       3.152114293058327
13720       3.129413675718507
13730       3.130474529764068
13740       3.123312912907751
13750       3.1443112718294546
13760       3.1470720114448665
13770       3.147662918940379
13780       3.1495574803828488
13790       3.1399239458890236
13800       3.1381740529275057
13810       3.152511953334382
13820       3.146186281507288
13830       3.1381398714040527
13840       3.1479343148573826
13850       3.1298642248919846
13860       3.1413639393969475
13870       3.1446581823308484
13880       3.149961804431581
13890       3.1299782928044513
13900       3.1473690205158604
13910       3.134340843237672
13920       3.139627508996367
13930       3.140076350772317
13940       3.1454756608577066
13950       3.145711574040122
13960       3.1444593564012533
13970       3.1355353761408615
13980       3.149944018539506
13990       3.13933784326811
14000       3.144827595488445
14010       3.1483619103320337
14020       3.140475062355044
14030       3.1398202015337513
14040       3.141181970685367
14050       3.1421796633561576
14060       3.146779509796099
14070       3.129029451139387
14080       3.141672640148702
14090       3.142667389692079
14100       3.140165995284187
14110       3.1398709650939627
14120       3.140379607001734
14130       3.1505400450487344
14140       3.1386258429001517
14150       3.1441652466096173
14160       3.141726889469844
14170       3.1515629893017274
14180       3.1459213240686648
14190       3.1511089863184467
14200       3.146637217851355
14210       3.1368478374316013
14220       3.147232854434329
14230       3.140622968873452
14240       3.1457684638332424
14250       3.140658158973567
14260       3.14006797214286
14270       3.140417620650853
14280       3.141157848009632
14290       3.127582832460844
14300       3.1450514561061214
14310       3.1340076192141098
14320       3.146357920841696
14330       3.145075870902843
14340       3.138059878260583
14350       3.1372488660504376
14360       3.14735352870507
14370       3.135967971804008
14380       3.140954670368367
14390       3.143602315858916
14400       3.150298974311832
14410       3.1446802526833175
14420       3.1345464528039404
14430       3.1475802025086717
14440       3.148178660851619
14450       3.1394665670392365
14460       3.1467675246691615
14470       3.1418750509484403
14480       3.1388220944856307
14490       3.148714205625704
14500       3.1301547060197987
14510       3.143201936634874
14520       3.1492771651909117
14530       3.1325780549344144
14540       3.150726208265315
14550       3.137615503274147
14560       3.134125474959791
14570       3.1427185631385757
14580       3.14715676503683
14590       3.150496849967846
14600       3.152708715169595
14610       3.1393356019750738
14620       3.1400870730221677
14630       3.1429392932166906
14640       3.1464048766231127
14650       3.1429530275257447
14660       3.1489519048952515
14670       3.132809598714172
14680       3.140815378600454
14690       3.1464885728076792
14700       3.1469936838887196
14710       3.1448883509257137
14720       3.1411073139895254
14730       3.144408194945395
14740       3.1444986954759777
14750       3.141134945898062
14760       3.1409881863910236
14770       3.142317039110556
14780       3.144746585727728
14790       3.1458939393600684
14800       3.1468990306094633
14810       3.1392824184015717
14820       3.1415926759459296
14830       3.1359102110768697
14840       3.142232672448512
14850       3.1349723373758147
14860       3.1442011122745175
14870       3.138565249386984
14880       3.136750246497885
14890       3.1390435222975386
14900       3.1440955273242888
14910       3.1386891268534605
14920       3.140300320864856
14930       3.1326362430810764
14940       3.140948968578381
14950       3.1483822807194195
14960       3.1434189947697333
14970       3.1373498552108194
14980       3.1431420971805726
14990       3.1403092826328085
15000       3.1348610684273965
15010       3.143564062652569
15020       3.148588139721519
15030       3.135620431227984
15040       3.1345858457261113
15050       3.1478969251524225
15060       3.139298838793686
15070       3.13770500915198
15080       3.141897646270186
15090       3.1431775730121294
15100       3.1445330540546497
15110       3.1405079698418548
15120       3.142420970107542
15130       3.144280812383746
15140       3.135371479265352
15150       3.138312236732775
15160       3.148055016618514
15170       3.139022412123785
15180       3.132732567167765
15190       3.1397388793748333
15200       3.1486872154208005
15210       3.142167864103007
15220       3.142531204405598
15230       3.137480035299832
15240       3.138901044916907
15250       3.133134298737955
15260       3.141817801603976
15270       3.1483738103562784
15280       3.144446438195185
15290       3.1406916613740767
15300       3.138558492748581
15310       3.137360954516138
15320       3.1390505884990265
15330       3.1471011547548478
15340       3.138413642022064
15350       3.1342231570929364
15360       3.1471539121479224
15370       3.1385252423314194
15380       3.1442285463495967
15390       3.1345502398763037
15400       3.129762854929117
15410       3.138805290005319
15420       3.134738810938926
15430       3.1475306110153545
15440       3.1441956930219748
15450       3.1403174510908314
15460       3.1516842040841433
15470       3.1427532859361422
15480       3.1585096659020953
15490       3.1367842246943654
15500       3.144974751926472
15510       3.147366130517158
15520       3.1439603459351164
15530       3.140419715700233
15540       3.1456890735314027
15550       3.1472660293317314
15560       3.1474108181779235
15570       3.13459476357627
15580       3.1422423127938557
15590       3.1473739943337202
15600       3.1488337533564983
15610       3.1441637708037358
15620       3.1424201184912564
15630       3.1434511721118703
15640       3.1382935404080743
15650       3.137713425484785
15660       3.1365452899228283
15670       3.1437080962200623
15680       3.1384453669353203
15690       3.145940940780401
15700       3.1321015155425003
15710       3.1428414434796865
15720       3.141187162432042
15730       3.137179142324182
15740       3.1420863252999967
15750       3.135445770307207
15760       3.1433818532206708
15770       3.1403901011189093
15780       3.151578578545067
15790       3.131384828210811
15800       3.1397849274212217
15810       3.134306613174499
15820       3.1311951344280975
15830       3.133789649069496
15840       3.1403643695981054
15850       3.1384285532214884
15860       3.133285475368051
15870       3.134824518802404
15880       3.1356096852524358
15890       3.145964527844231
15900       3.146256375572713
15910       3.136957040552957
15920       3.131013751820449
15930       3.1365686670525266
15940       3.13815787436969
15950       3.1484586010758373
15960       3.1467796707380695
15970       3.1431368964325395
15980       3.1491279491917856
15990       3.148332578556435
16000       3.1389475869642647
16010       3.1398930726949406
16020       3.1494804782398624
16030       3.1452566933082937
16040       3.1335328918110483
16050       3.143716523578676
16060       3.1453025718149847
16070       3.133550632432274
16080       3.152479997013756
16090       3.1339960463661827
16100       3.1446370103581693
16110       3.1472451722106967
16120       3.135733557320688
16130       3.1444162284702872
16140       3.1408024007768036
16150       3.1465519762150427
16160       3.1388440844728147
16170       3.1424102583292264
16180       3.144074201123907
16190       3.1357904531151473
16200       3.1391175040043
16210       3.139025577793095
16220       3.137567505009864
16230       3.1364805152802324
16240       3.14627162683279
16250       3.148767690123862
16260       3.1463205945794486
16270       3.1433067698381416
16280       3.1464419708275653
16290       3.1348337743366117
16300       3.1379578367786554
16310       3.136606914551958
16320       3.1449134458486165
16330       3.141959590211948
16340       3.1468029142380534
16350       3.1500961060319437
16360       3.1467068804382134
16370       3.134765731560019
16380       3.1417579560049744
16390       3.1354000733196568
16400       3.1452839187103767
16410       3.1467999331803513
16420       3.1423356703545395
16430       3.148350383752621
16440       3.149888996087253
16450       3.150651414346609
16460       3.136314161891612
16470       3.146104612819979
16480       3.1390896999375872
16490       3.1325496314521253
16500       3.1414802485114253
16510       3.143506402909062
16520       3.1357853448902318
16530       3.1351853372629828
16540       3.1478885193926645
16550       3.136134761604441
16560       3.1396848424360697
16570       3.13680915468801
16580       3.14461791569107
16590       3.1421767408042394
16600       3.137912410169791
16610       3.1439264007653756
16620       3.1471560421103497
16630       3.1329542638971772
16640       3.137239201642371
16650       3.141241917526773
16660       3.1324339309335123
16670       3.144850734507028
16680       3.1401498005973294
16690       3.139119884341092
16700       3.1463662867478948
16710       3.141866872336484
16720       3.1401878696997434
16730       3.141507074571614
16740       3.1414334665497963
16750       3.138794839468871
16760       3.1413520220259823
16770       3.1456987921617943
16780       3.1455280471018585
16790       3.143363128524123
16800       3.1325565636588255
16810       3.1374687609875354
16820       3.1508042557753253
16830       3.140891090483396
16840       3.138750177247605
16850       3.1395804021124682
16860       3.1485475206687985
16870       3.1448104296389694
16880       3.148048830847024
16890       3.136717431469656
16900       3.1399724797441504
16910       3.1439680442210043
16920       3.138099774312942
16930       3.1427099925097943
16940       3.1404407107847856
16950       3.139032225413919
16960       3.1366042953968054
16970       3.140487677775942
16980       3.1413906844006423
16990       3.14470419032029
17000       3.144459691063763
17010       3.1469368362518906
17020       3.13775456869035
17030       3.1418344979154593
17040       3.1418901162855093
17050       3.1427358807219816
17060       3.141644314941772
17070       3.140189632448277
17080       3.1387399392049367
17090       3.1421286536497917
17100       3.139314198010704
17110       3.139414003691002
17120       3.1457878671972783
17130       3.1408830800622605
17140       3.1438159921694924
17150       3.1445088845434706
17160       3.142598395319951
17170       3.1371667612328373
17180       3.1469283050058467
17190       3.1446860964369905
17200       3.145995303242871
17210       3.1448871225573005
17220       3.1332245064225095
17230       3.1311378971469326
17240       3.1389086669176236
17250       3.1347108091261764
17260       3.1482185281626975
17270       3.140047232816804
17280       3.133621490182472
17290       3.1460565606065933
17300       3.1395522253277695
17310       3.1342484514092197
17320       3.1390981657523676
17330       3.1329459222527647
17340       3.138706597162438
17350       3.1460275053616487
17360       3.14606572100369
17370       3.1349978407746355
17380       3.145807707664361
17390       3.1466678473762446
17400       3.146561113721391
17410       3.1505884385002094
17420       3.139135504171911
17430       3.1359379698211867
17440       3.1388770047385393
17450       3.1475234117125535
17460       3.1393390940490313
17470       3.13473731375308
17480       3.144804800936451
17490       3.135746354923215
17500       3.138417316866931
17510       3.1510978777308165
17520       3.143752948554843
17530       3.1417928738427183
17540       3.1392839599069293
17550       3.1433769350149054
17560       3.1477003556992305
17570       3.142198874247996
17580       3.1362032611498125
17590       3.141943601285118
17600       3.13951191990816
17610       3.145900834706549
17620       3.142577841941394
17630       3.1439337584281346
17640       3.135138789414622
17650       3.141545445050191
17660       3.141153001525023
17670       3.135921073084472
17680       3.1397804795165176
17690       3.140628901849178
17700       3.1428397796812564
17710       3.1366186650300487
17720       3.1361350224339017
17730       3.1549664283170267
17740       3.1419363549900843
17750       3.1423011733244883
17760       3.1408118471162263
17770       3.1414885386217164
17780       3.1356504374871754
17790       3.1366233510119588
17800       3.144724017580708
17810       3.138174539188108
17820       3.1462665656721263
17830       3.141955259714069
17840       3.146418724847394
17850       3.142824381508434
17860       3.137815821546279
17870       3.148972503151734
17880       3.147634509441213
17890       3.139912415760338
17900       3.1360495262263557
17910       3.1474840076463306
17920       3.1359237420549233
17930       3.1394311961678483
17940       3.143192664370179
17950       3.1447554411567418
17960       3.1478355160020266
17970       3.1419799007969593
17980       3.1314448130219406
17990       3.1490230743821095
18000       3.1445595021596557
18010       3.1477034235097925
18020       3.145439074144974
18030       3.1461755617114138
18040       3.1428582428302296
18050       3.1344743436582965
18060       3.1413949174122275
18070       3.1356304749403634
18080       3.140135124068679
18090       3.1400559118785023
18100       3.137311392027174
18110       3.129878334206009
18120       3.146899202832949
18130       3.1423166078471874
18140       3.134381295615652
18150       3.140873942007117
18160       3.1513327903037767
18170       3.146828170085938
18180       3.1449907456643413
18190       3.145267509746677
18200       3.147391049134133
18210       3.145121193926743
18220       3.139401887274942
18230       3.14345937410929
18240       3.1376735986102506
18250       3.14115515759395
18260       3.148049915774964
18270       3.140255030747493
18280       3.1473569345017136
18290       3.144904967593608
18300       3.1386228281129913
18310       3.135253300013984
18320       3.148677442382289
18330       3.1416828182806484
18340       3.1476746368882966
18350       3.1436979474595566
18360       3.1395810434514524
18370       3.1415870042780885
18380       3.1487582501351294
18390       3.1411595120448643
18400       3.1370574947633427
18410       3.1335327062761458
18420       3.143229049123961
18430       3.1360642595773855
18440       3.1344650485642034
18450       3.137540329867267
18460       3.1393505439697504
18470       3.134653221051813
18480       3.147403096965062
18490       3.146527736195465
18500       3.1434990176734803
18510       3.142763381747349
18520       3.1373187282221386
18530       3.1395825737229583
18540       3.148754972707834
18550       3.144255855094863
18560       3.1402329940779223
18570       3.14941865183854
18580       3.1433326233965517
18590       3.1480368956567033
18600       3.139614080633774
18610       3.1323965658655757
18620       3.1391460186107345
18630       3.134059820407008
18640       3.1467510095861395
18650       3.134425597839815
18660       3.1436342170497458
18670       3.145481654950486
18680       3.1438429247345234
18690       3.1402663323071307
18700       3.1348894837448253
18710       3.1421226532986135
18720       3.1318550126468003
18730       3.144913698209424
18740       3.1486452062354933
18750       3.140528043983712
18760       3.131150990287985
18770       3.1434456613366284
18780       3.140246870311222
18790       3.1335409394400466
18800       3.137569924632985
18810       3.143338526617169
18820       3.139822852183135
18830       3.1436384340018555
18840       3.1433017778972006
18850       3.1321057454462298
18860       3.1437942236697944
18870       3.144237466086933
18880       3.1489020475914358
18890       3.1364431673909756
18900       3.1437026660495166
18910       3.1435522873520276
18920       3.14952543434255
18930       3.131911243824782
18940       3.138528953184768
18950       3.1401734284961833
18960       3.142297127334193
18970       3.137896270398816
18980       3.1377321764107187
18990       3.1357557639464657
19000       3.135372381479335
19010       3.1356024433702565
19020       3.1437774352270984
19030       3.1493303909630628
19040       3.1418322621277155
19050       3.1354468398247155
19060       3.139653255769522
19070       3.147601792214439
19080       3.1437733115276107
19090       3.142611993382866
19100       3.135733276859381
19110       3.144772240905764
19120       3.1445374972632396
19130       3.136277355857649
19140       3.1379221893052227
19150       3.1454516976581735
19160       3.149096446895647
19170       3.145073622864724
19180       3.1386042165079044
19190       3.1440069021147963
19200       3.1390654777861755
19210       3.1372235592538393
19220       3.147008270561022
19230       3.1349535801422417
19240       3.1405240816009767
19250       3.14579839772502
19260       3.1405626641861994
19270       3.135946221773491
19280       3.1438349863902326
19290       3.1483626443158585
19300       3.1452655373532568
19310       3.141170730169388
19320       3.1454717588079766
19330       3.1428659037886004
19340       3.135122826343222
19350       3.137975187288634
19360       3.137784109252417
19370       3.139646235066264
19380       3.145485190730195
19390       3.142823685121566
19400       3.139901304697653
19410       3.132549528604418
19420       3.139434929676232
19430       3.137353232430876
19440       3.1371639582798547
19450       3.1430443301993347
19460       3.1461370762685026
19470       3.1388151861556235
19480       3.14034894238124
19490       3.129880949421279
19500       3.1362329478589333
19510       3.143484547861948
19520       3.146499845458417
19530       3.1406919781244262
19540       3.136381396246546
19550       3.1459007990962333
19560       3.1390589765827794
19570       3.147644764648782
19580       3.139021101860655
19590       3.140521883825483
19600       3.1369550488229123
19610       3.1375417754106305
19620       3.1422036952171166
19630       3.1482683074189954
19640       3.1510296339212744
19650       3.1316271325155376
19660       3.15439112027797
19670       3.136950178116743
19680       3.1443978538499167
19690       3.140226485112796
19700       3.1447066640109544
19710       3.148179272307745
19720       3.1397744082076393
19730       3.1420230377444254
19740       3.147143673205444
19750       3.141157822932898
19760       3.1402914244776565
19770       3.139165153686408
19780       3.1404731899689144
19790       3.1376572159783134
19800       3.134455547454329
19810       3.134870935106188
19820       3.1426546213611473
19830       3.1377029994870407
19840       3.1441454428863795
19850       3.1370648116621207
19860       3.139343028198466
19870       3.1482202146472766
19880       3.139023624673517
19890       3.1324814702907897
19900       3.137668449283198
19910       3.1404717294419306
19920       3.1471821583277038
19930       3.1385264657179195
19940       3.1405482696896567
19950       3.1377649530656853
19960       3.146851325820751
19970       3.149610636005529
19980       3.1370440121538308
19990       3.1463787770481773
20000       3.1430491474625524
20010       3.145431777914378
20020       3.1397811094034394
20030       3.139591012437936
20040       3.1408729207484396
20050       3.1395102929556975
20060       3.1448126559011618
20070       3.1401199085817946
20080       3.138484440851006
20090       3.138936340014234
20100       3.1381986791773464
20110       3.1391715898530235
20120       3.139431196142772
20130       3.1418903888754772
20140       3.138346834370107
20150       3.136045094274321
20160       3.135185849866925
20170       3.1462788634075802
20180       3.145764926753133
20190       3.1445497064475316
20200       3.142433969467704
20210       3.147130977122624
20220       3.1402773407774123
20230       3.145317290383948
20240       3.136494628158031
20250       3.136327747772881
20260       3.136264023352966
20270       3.1406224371006792
20280       3.145265953340504
20290       3.129154985426631
20300       3.141773501213745
20310       3.1423831363949275
20320       3.1308284231094867
20330       3.1411994617025556
20340       3.1427878419029396
20350       3.137802530152111
20360       3.144474581169948
20370       3.146973517407069
20380       3.141614301440946
20390       3.1361719022821215
20400       3.1464641201575847
20410       3.1432276236692798
20420       3.1447110721212144
20430       3.1381757843231224
20440       3.1494206817856414
20450       3.1390494964976283
20460       3.143581203877793
20470       3.1433332517360966
20480       3.1377889920436863
20490       3.136061418979602
20500       3.136621996156972
20510       3.1420178184737537
20520       3.143096223798801
20530       3.141859042228462
20540       3.144058734391425
20550       3.1450633823279945
20560       3.146744044128771
20570       3.1472576412176054
20580       3.1401669036977142
20590       3.1416468851632278
20600       3.144864069712453
20610       3.1454386725870584
20620       3.138153354133244
20630       3.1421385551211274
20640       3.146829355686674
20650       3.142537562975651
20660       3.143369295932656
20670       3.1511205825293533
20680       3.1467388126353257
20690       3.140123114393079
20700       3.1436132413952773
20710       3.143145418075292
20720       3.1413935606914123
20730       3.1413374610856835
20740       3.140519250250724
20750       3.1403420309400754
20760       3.147267223399711
20770       3.13494726045592
20780       3.144695344338057
20790       3.1375351522723114
20800       3.1437446787615753
20810       3.1406587857894888
20820       3.139994332813617
20830       3.138484807297616
20840       3.139313709079416
20850       3.1393947010105885
20860       3.1436181868006736
20870       3.1388906407816712
20880       3.1429909933255016
20890       3.1338334916847437
20900       3.141746448093718
20910       3.1330430580697315
20920       3.1378243629786042
20930       3.1483422797264957
20940       3.1410728353074795
20950       3.1405961818124513
20960       3.14216757447181
20970       3.145044973455402
20980       3.137040893426871
20990       3.1396315021842023
21000       3.1400856124375065
21010       3.139132669046537
21020       3.1469916021299773
21030       3.1394199157917195
21040       3.142356890808345
21050       3.1419559497689837
21060       3.147733915526441
21070       3.139522799906831
21080       3.1340117083560926
21090       3.142091675163462
21100       3.1315882015434764
21110       3.1409006096544534
21120       3.135879315694678
21130       3.138271879519649
21140       3.145453892926
21150       3.1369693539019456
21160       3.143077020559179
21170       3.132784625932141
21180       3.1388237923978166
21190       3.14532857410136
21200       3.1370160758231598
21210       3.1461079922711934
21220       3.142844131216727
21230       3.136289601286186
21240       3.141174423532875
21250       3.136950972926814
21260       3.1315220513470865
21270       3.1476967584907762
21280       3.1408267592556625
21290       3.1453426711195505
21300       3.1393911837534465
21310       3.1433173043638165
21320       3.145212923278468
21330       3.1349583352840367
21340       3.1460578433175423
21350       3.1390702255870457
21360       3.149942864671384
21370       3.1484103614600296
21380       3.1350530351768184
21390       3.140653201156147
21400       3.1419654996319903
21410       3.1408813627886287
21420       3.1463694496774366
21430       3.1411348252226095
21440       3.140338698662522
21450       3.139216350578455
21460       3.142609846298208
21470       3.1435584380974575
21480       3.1390379774033894
21490       3.1419487784661753
21500       3.1495038044027908
21510       3.143676716244844
21520       3.1455232095816616
21530       3.1390182171385854
21540       3.1434636233174005
21550       3.1343928433496604
21560       3.1358105945770753
21570       3.1393334016275967
21580       3.136952902675738
21590       3.136966798913591
21600       3.1388474085915212
21610       3.1442485439702086
21620       3.1387055975147278
21630       3.1371307100747456
21640       3.1465311214810074
21650       3.1378057217690047
21660       3.146104865046709
21670       3.1458526427731948
21680       3.138920145781178
21690       3.1434734602525496
21700       3.1462761318473422
21710       3.1441077390779535
21720       3.1403761457297237
21730       3.1450659896023194
21740       3.143429037203969
21750       3.1405860971996353
21760       3.139804518672536
21770       3.1425551707457036
21780       3.143623387120186
21790       3.140144693630581
21800       3.1389246268068596
21810       3.13829687824964
21820       3.1493549222781008
21830       3.1506536444975928
21840       3.137945991832663
21850       3.1412806715358674
21860       3.138750657709205
21870       3.130388260864424
21880       3.1380834235704342
21890       3.141044065964069
21900       3.135796465106892
21910       3.139963418793496
21920       3.1402686072936947
21930       3.1308199152586242
21940       3.141670800790368
21950       3.1374757306622896
21960       3.151833724184015
21970       3.1393103314525863
21980       3.139722064403261
21990       3.141127098414701
22000       3.1484714388442634
22010       3.1471233151637263
22020       3.1401333044124065
22030       3.1412698612521734
22040       3.139386743910636
22050       3.1417095685366556
22060       3.14113540781767
22070       3.1440290782908384
22080       3.137994377704531
22090       3.137748621790338
22100       3.1509747901804435
22110       3.146456270590115
22120       3.14645247684075
22130       3.144335086647262
22140       3.1481968278462196
22150       3.140758126830816
22160       3.1434733621135162
22170       3.13764920575198
22180       3.1423047422013015
22190       3.137165495187154
22200       3.145282013901437
22210       3.144139290811606
22220       3.146755848183432
22230       3.134277286472288
22240       3.135191916340522
22250       3.1448073463654223
22260       3.1413408316654996
22270       3.1393366385982047
22280       3.1420260335521926
22290       3.1344360437670034
22300       3.1403709886608095
22310       3.1376966766007834
22320       3.146028259934139
22330       3.138313055686522
22340       3.1427933328187194
22350       3.1377954057132533
22360       3.13825879343634
22370       3.142170556051178
22380       3.144474434242286
22390       3.1430932870624453
22400       3.135466045851114
22410       3.144310883901109
22420       3.1508996885317067
22430       3.1429536586958347
22440       3.1434806283832715
22450       3.1452461944026466
22460       3.137208083183596
22470       3.1438276298820487
22480       3.14910327120621
22490       3.1343736517202667
22500       3.138054251994923
22510       3.139895217143548
22520       3.13698420233749
22530       3.1490138332274094
22540       3.149700045652663
22550       3.1403188014687697
22560       3.1401636685472036
22570       3.13860213263878
22580       3.1464278843719455
22590       3.1364836118201276
22600       3.1376056730717448
22610       3.1387280468397116
22620       3.1499992708814557
22630       3.137255881950386
22640       3.138405713258091
22650       3.143059857035337
22660       3.148163054922432
22670       3.142402810756163
22680       3.1460727650767257
22690       3.136565193266935
22700       3.145540873881874
22710       3.143803823717992
22720       3.1405894557278917
22730       3.1335598605183366
22740       3.135008175299614
22750       3.134181584391563
22760       3.1471438013757407
22770       3.1417186178546994
22780       3.138691759490479
22790       3.1379257616844294
22800       3.137323838981608
22810       3.13561002032963
22820       3.1394999778878616
22830       3.1407700234694493
22840       3.146840052596723
22850       3.1379926257819384
22860       3.1384249461281852
22870       3.1422834018716617
22880       3.1315555947664717
22890       3.1498656481288947
22900       3.143290405036641
22910       3.1479997848750085
22920       3.142533012848399
22930       3.137797470446036
22940       3.1391720891544
22950       3.1321380446670477
22960       3.145481411701501
22970       3.145202962515928
22980       3.142160673404398
22990       3.1393898620239726
23000       3.1395371901651803
23010       3.137839602606118
23020       3.1460793188010654
23030       3.1430180318808123
23040       3.148143184844395
23050       3.144071521008543
23060       3.1409438303332187
23070       3.1434309340682898
23080       3.1416500267614955
23090       3.140139829802712
23100       3.144627949937882
23110       3.138922511606888
23120       3.136272250280241
23130       3.137323484132393
23140       3.145067219745265
23150       3.1387583916909074
23160       3.1411449484652287
23170       3.1426836354467067
23180       3.145084435390636
23190       3.1395717300729546
23200       3.1442782964928715
23210       3.1412838915026593
23220       3.140616956922285
23230       3.1403652997976716
23240       3.1476343087308325
23250       3.1377414273116115
23260       3.1445902582731415
23270       3.134327595277216
23280       3.1323800671333566
23290       3.145491065982251
23300       3.1437263740429806
23310       3.137547572089279
23320       3.1430926150938587
23330       3.139063898048237
23340       3.1362230028063025
23350       3.133989836537954
23360       3.143604289262452
23370       3.140209846304557
23380       3.1466224145754875
23390       3.1395848144486553
23400       3.1333527010082625
23410       3.142124675724407
23420       3.143098870708114
23430       3.146178218548129
23440       3.144361971904913
23450       3.1340976907032703
23460       3.144109395591706
23470       3.144033085324058
23480       3.139334381094339
23490       3.1384565342168966
23500       3.146268282069657
23510       3.1418844813371725
23520       3.1348524118621315
23530       3.1430665339803636
23540       3.143557172492632
23550       3.137965809276231
23560       3.1448521545440675
23570       3.1374873922594957
23580       3.136498795493818
23590       3.133674776158668
23600       3.1396882501949914
23610       3.145851389406008
23620       3.1421662129038324
23630       3.140023637270002
23640       3.151543781508758
23650       3.1351497486790794
23660       3.140659694476143
23670       3.145130661137042
23680       3.1408602149305525
23690       3.141816617592953
23700       3.1452005034003494
23710       3.1393674965877567
23720       3.138291329143104
23730       3.1382608908442666
23740       3.1401688347062335
23750       3.1355797933680196
23760       3.1507940614987433
23770       3.1420055944579817
23780       3.13950273929345
23790       3.1459192573914656
23800       3.1388768005071337
23810       3.144474326147843
23820       3.142053882188105
23830       3.13818264759365
23840       3.1477355108364913
23850       3.142105492929855
23860       3.1377668466729127
23870       3.1331093609280933
23880       3.1380718977043682
23890       3.144880257802575
23900       3.138228437707584
23910       3.1400887304165432
23920       3.1390924164492557
23930       3.1381754187316058
23940       3.1407860184669523
23950       3.1398532810555864
23960       3.1438423861813867
23970       3.1482809538036505
23980       3.1392594006267918
23990       3.143420717505632
24000       3.1445927243501277
24010       3.1396253250439727
24020       3.1397520757375736
24030       3.150159315860853
24040       3.1410034985524673
24050       3.138026372921301
24060       3.1434728365726325
24070       3.1388170744492725
24080       3.1410810874808006
24090       3.143822385747772
24100       3.1427324563793513
24110       3.1423876008932883
24120       3.1379728667019084
24130       3.1391810268551605
24140       3.146001037020029
24150       3.1456900203769913
24160       3.1440809470246553
24170       3.13947061397248
24180       3.14278595372554
24190       3.1314718475469827
24200       3.136486699430423
24210       3.1478358725789826
24220       3.1425479630663
24230       3.1286069593013486
24240       3.149874297929208
24250       3.147041974890439
24260       3.1408374696450783
24270       3.1465056065741113
24280       3.1509953082968805
24290       3.1332045665999755
24300       3.133247158895997
24310       3.1470749121189967
24320       3.133480193922675
24330       3.1395694307980655
24340       3.140507119329987
24350       3.1367225746539997
24360       3.1529187906982448
24370       3.143374861681215
24380       3.1381067468474027
24390       3.1389386684656904
24400       3.147481395946104
24410       3.136328196309689
24420       3.1413765434467327
24430       3.140355377904381
24440       3.137915910262982
24450       3.141441891771121
24460       3.141590527907848
24470       3.143785449924069
24480       3.1448229076774035
24490       3.1468806323509284
24500       3.1394463396940346
24510       3.1467378790182923
24520       3.1413376319018766
24530       3.13699556897793
24540       3.143809645066497
24550       3.135880192703997
24560       3.141466779615418
24570       3.1479246847284927
24580       3.1422588978997448
24590       3.150402660798562
24600       3.1360121075300342
24610       3.1364621095909926
24620       3.151401708341808
24630       3.139243178316585
24640       3.1459902443838725
24650       3.1432952062106585
24660       3.1416848420460135
24670       3.1413705491502504
24680       3.1461095528901057
24690       3.142903673734797
24700       3.14676984139335
24710       3.1454747977191757
24720       3.1371998288128626
24730       3.145862205057605
24740       3.1394937237459204
24750       3.1378913805744446
24760       3.147032530781826
24770       3.1433884906466134
24780       3.1509784604124613
24790       3.1349990571060453
24800       3.143641696124509
24810       3.1413286795087956
24820       3.144271860232112
24830       3.1341334969560513
24840       3.13509785284588
24850       3.140465649235641
24860       3.1448846439906766
24870       3.1429582137808354
24880       3.140044407127906
24890       3.1456571672294666
24900       3.1473228969173763
24910       3.142730013043353
24920       3.135609454430006
24930       3.1407629307783482
24940       3.1435791775823865
24950       3.1432656251056326
24960       3.138727522710403
24970       3.1417087081648023
24980       3.1450262643092723
24990       3.1370487387364476
25000       3.142708012332913
25010       3.145769102970426
25020       3.1434490763657337
25030       3.1459302906012914
25040       3.1393716959084537
25050       3.143980039070112
25060       3.145205571508637
25070       3.135498480946599
25080       3.1395340187947043
25090       3.1451473805071606
25100       3.134623122169302
25110       3.133059370423897
25120       3.1428284259284247
25130       3.1411054089642274
25140       3.1431925232557094
25150       3.1421003728188635
25160       3.145251329762642
25170       3.1395704801473197
25180       3.1467799806396433
25190       3.1448279416530447
25200       3.1406372243891587
25210       3.1425484036610025
25220       3.1401125506861014
25230       3.151439322567754
25240       3.1440065302702
25250       3.1463642020668154
25260       3.1478637101127167
25270       3.138662922215866
25280       3.1443807447873953
25290       3.1315182917624576
25300       3.13800035681088
25310       3.1464057617450556
25320       3.135211057494135
25330       3.133627668125368
25340       3.1414968110948758
25350       3.139912005695006
25360       3.1439683080306353
25370       3.138318990768675
25380       3.1390858137472493
25390       3.1433996934895347
25400       3.1400937275812466
25410       3.1344429416863733
25420       3.141746542639154
25430       3.130365265476242
25440       3.1288330489440406
25450       3.153824360922753
25460       3.1432923859440964
25470       3.143369642517265
25480       3.142916216979569
25490       3.140954775149537
25500       3.13547994903905
25510       3.1362626435347942
25520       3.145046883664001
25530       3.144986031871527
25540       3.1424113406491436
25550       3.1358911280940758
25560       3.1447790260261548
25570       3.140685842819869
25580       3.137843129363542
25590       3.139601637278431
25600       3.13828353808821
25610       3.140919318287301
25620       3.14406986834622
25630       3.14176632477794
25640       3.143456321337438
25650       3.1442019389950473
25660       3.1399191729637987
25670       3.1387048695433464
25680       3.1438287034949584
25690       3.1384882088910864
25700       3.147122076729253
25710       3.144881000066857
25720       3.1400554517609294
25730       3.138351376510138
25740       3.142325811868055
25750       3.134265004041729
25760       3.14136004515309
25770       3.136822130568136
25780       3.142509517910678
25790       3.139259586506657
25800       3.144478903742283
25810       3.135005026170475
25820       3.1336087479512025
25830       3.138476266531851
25840       3.144603915624969
25850       3.1399406819506646
25860       3.1375462922384356
25870       3.143538986783036
25880       3.1518163596036866
25890       3.1420937776191935
25900       3.1393949525414975
25910       3.1471510021026283
25920       3.1450251059071843
25930       3.1444868339581387
25940       3.142865547765312
25950       3.1402097858048776
25960       3.145272402445829
25970       3.1368365278390327
25980       3.1434833513816636
25990       3.1378790588963357
26000       3.1430494561613123
26010       3.1389968397972456
26020       3.1404957377013605
26030       3.1388995572383642
26040       3.1423519760129683
26050       3.1428207270179724
26060       3.133463253207234
26070       3.1392234152360525
26080       3.1428048827049793
26090       3.1390493314282453
26100       3.144044095304065
26110       3.1379206549335144
26120       3.14480620914843
26130       3.1356423918705607
26140       3.1471649064274967
26150       3.1374263430888956
26160       3.132919682148724
26170       3.14326990057906
26180       3.1414359843844832
26190       3.1395913139978835
26200       3.1391727063278685
26210       3.139729027254366
26220       3.1444820145748857
26230       3.1478822808037665
26240       3.1393195181769773
26250       3.144370769353286
26260       3.134887637656159
26270       3.143071956714607
26280       3.14144246384206
26290       3.1412174862728754
26300       3.138715668967464
26310       3.146516398943797
26320       3.1397162879419387
26330       3.1407309850025458
26340       3.140584553766521
26350       3.1400031589036885
26360       3.1477989746999175
26370       3.142077517725657
26380       3.1411810184322055
26390       3.1408546952421887
26400       3.1377633676120307
26410       3.142243966346197
26420       3.148699421644194
26430       3.144766969453619
26440       3.135808017501311
26450       3.1400988322575274
26460       3.137157731616868
26470       3.1485659993789255
26480       3.141224592989381
26490       3.136507838330982
26500       3.1424583809494733
26510       3.1450946554027657
26520       3.1386442012421734
26530       3.1363717185325
26540       3.144179600078991
26550       3.141137245763024
26560       3.144372635993254
26570       3.1368647017002997
26580       3.1426931567174874
26590       3.145521939632892
26600       3.1453833231173456
26610       3.1457260121080344
26620       3.1388204736202487
26630       3.142755078110308
26640       3.1413875854748246
26650       3.1420339112761413
26660       3.1366931656423866
26670       3.142022909395583
26680       3.1345568511581563
26690       3.1306743940815567
26700       3.142571285893387
26710       3.1382178187455136
26720       3.146719737921821
26730       3.1477618249522465
26740       3.1379230779089475
26750       3.144164160910383
26760       3.143929765815977
26770       3.139649601801761
26780       3.1425350782631867
26790       3.1398080677192963
26800       3.1382987661528854
26810       3.1380299225703836
26820       3.139975073763908
26830       3.1406070978380147
26840       3.1397546866082267
26850       3.1347042395892992
26860       3.1380981928794953
26870       3.1392544850730233
26880       3.1416548487240217
26890       3.1431706137941897
26900       3.141965368616043
26910       3.143468105433237
26920       3.13824419259881
26930       3.1394950870685476
26940       3.138717416066176
26950       3.1438805368362424
26960       3.1443226814898124
26970       3.137942605616102
26980       3.1379505291642884
26990       3.1388637929497727
27000       3.141980457996528
27010       3.1377585973966853
27020       3.1376732422572085
27030       3.1455451433468933
27040       3.1467759268313262
27050       3.1388471424317337
27060       3.141016422057197
27070       3.141791253987974
27080       3.1410916897524377
27090       3.147407956755234
27100       3.1360339302788147
27110       3.146252240092275
27120       3.1361888513390688
27130       3.1427309409022746
27140       3.1436078325608445
27150       3.1386771247524576
27160       3.1372505185601627
27170       3.143181884971972
27180       3.135395417144138
27190       3.1378030236526375
27200       3.137248730039599
27210       3.144120540891086
27220       3.1414368092723945
27230       3.1414278332568766
27240       3.143483467993578
27250       3.1410309468284034
27260       3.140093830194434
27270       3.1386491961001854
27280       3.143778362044121
27290       3.143516923617361
27300       3.1463548173320097
27310       3.140119137467446
27320       3.1404074672266447
27330       3.1429761290721023
27340       3.147239458806252
27350       3.140418854098509
27360       3.148849397464253
27370       3.140900633538134
27380       3.1430459251005574
27390       3.1440897046633376
27400       3.138731747010513
27410       3.1421529976410527
27420       3.1489113927900427
27430       3.1377211658412176
27440       3.142188037042239
27450       3.1420676356190698
27460       3.14332137083361
27470       3.145107909595298
27480       3.13982163346756
27490       3.1485838788593856
27500       3.1347850761189826
27510       3.141577544087202
27520       3.142746139664334
27530       3.1418351898905477
27540       3.138193035939235
27550       3.139936918436868
27560       3.1431351333998414
27570       3.141406276325739
27580       3.1365384085706114
27590       3.137387220845605
27600       3.1402954731605637
27610       3.143234603102151
27620       3.147505683660902
27630       3.1459133425296697
27640       3.13893183570056
27650       3.145983425561633
27660       3.1406812482342867
27670       3.140659845277074
27680       3.138512467466838
27690       3.1371767365410475
27700       3.1373446922668187
27710       3.1426105873433268
27720       3.1366907254037804
27730       3.139494131173417
27740       3.1421527567163974
27750       3.145861118728355
27760       3.141119713150991
27770       3.141038020338915
27780       3.1452148562964672
27790       3.1435725584009147
27800       3.14171706409735
27810       3.140458528065191
27820       3.1479680259219434
27830       3.1415902130219466
27840       3.1476496412593966
27850       3.139617243558589
27860       3.140300992908317
27870       3.1454521407793017
27880       3.141566496140914
27890       3.142009085886352
27900       3.1447631550023027
27910       3.150253079085208
27920       3.137494152047592
27930       3.1430645807062056
27940       3.1428298959878584
27950       3.136212710288369
27960       3.1471915560180768
27970       3.1381551900371143
27980       3.1388922671976265
27990       3.1464890794706193
28000       3.136826654491395
28010       3.1421326181595743
28020       3.142579885086992
28030       3.1441416075456607
28040       3.146085600404961
28050       3.14370147869141
28060       3.1395579520787846
28070       3.1365177661514263
28080       3.142200377252951
28090       3.1415972061565247
28100       3.1467430560461733
28110       3.1428032168266067
28120       3.1426591734997453
28130       3.143044005116886
28140       3.143445756119691
28150       3.1384728106828894
28160       3.145517921269019
28170       3.1404944612604884
28180       3.142997613793743
28190       3.1467858299453018
28200       3.1397163383126387
28210       3.1429223414355745
28220       3.137146976515511
28230       3.1426964989697015
28240       3.141319177188695
28250       3.1463621772578256
28260       3.1454709772804836
28270       3.1454997722170615
28280       3.1344697301192506
28290       3.133858394722564
28300       3.139905414885629
28310       3.1393999077534898
28320       3.1432512405586763
28330       3.131583967343623
28340       3.1393594131911815
28350       3.140583435684392
28360       3.1353700955986503
28370       3.1318925958460375
28380       3.142673942801763
28390       3.1451833305868386
28400       3.1362345608991347
28410       3.140813903353022
28420       3.1492987986514094
28430       3.1458135985573072
28440       3.1464998314494013
28450       3.139456401069584
28460       3.1436148429711674
28470       3.1372776354539287
28480       3.1441370098397146
28490       3.1426633294840167
28500       3.1329132812003517
28510       3.141674781387183
28520       3.144123546249754
28530       3.140428556145626
28540       3.136241112991921
28550       3.1451060135455844
28560       3.1374648534554206
28570       3.145095135029951
28580       3.1443987777838758
28590       3.143790995620616
28600       3.1406388636634146
28610       3.1406383355116496
28620       3.1431039534100456
28630       3.1416694747901537
28640       3.1421739537203806
28650       3.1429982026509737
28660       3.141892298140295
28670       3.142487744421341
28680       3.1474425261812145
28690       3.144553618116056
28700       3.1371837479145714
28710       3.138179376124669
28720       3.1443246174120953
28730       3.1461513439131883
28740       3.137299404636671
28750       3.1448385857729635
28760       3.145372628929867
28770       3.1424432627666787
28780       3.1392602405908754
28790       3.1379288563610417
28800       3.1418622767838533
28810       3.1375004631389842
28820       3.1447758477662684
28830       3.137916922254363
28840       3.138284017556299
28850       3.1352163940041464
28860       3.1455311405477406
28870       3.1433930527604246
28880       3.1398837322292583
28890       3.1442943219323807
28900       3.138134944884908
28910       3.1320245956482027
28920       3.140044962875838
28930       3.138986105517741
28940       3.1367562413754513
28950       3.139992226161252
28960       3.1358488398409516
28970       3.144684283521578
28980       3.1447804860753146
28990       3.14439326985401
29000       3.1473365427903977
29010       3.1405267985822136
29020       3.1370786952494982
29030       3.138749842203126
29040       3.1338351330382777
29050       3.141536093626894
29060       3.1415615633895855
29070       3.1396620996626
29080       3.137835052590285
29090       3.1393023193740333
29100       3.143505346035231
29110       3.137950579272715
29120       3.1349953958516807
29130       3.1419451929939517
29140       3.1424137612546006
29150       3.136287718924904
29160       3.1444655553465957
29170       3.145801782678411
29180       3.1461508385010255
29190       3.1414554058683133
29200       3.1378044759279593
29210       3.138147898129251
29220       3.1430632995644787
29230       3.14416379704883
29240       3.1506586673690142
29250       3.1488460108283083
29260       3.143853775538546
29270       3.1450266136013156
29280       3.13769887103414
29290       3.1488709384388556
29300       3.142710302380003
29310       3.1361560615942308
29320       3.136096400784204
29330       3.143958710012907
29340       3.1406046693153953
29350       3.1415603302621147
29360       3.138228700883774
29370       3.1467608134142577
29380       3.1380630835205876
29390       3.1455672409250246
29400       3.139369274114761
29410       3.145281866740588
29420       3.1361083381732007
29430       3.143213890151644
29440       3.145083811314329
29450       3.148632972789541
29460       3.1518336133899476
29470       3.1349867693872264
29480       3.1432421351010973
29490       3.140438257650036
29500       3.135118193549126
29510       3.138544863735174
29520       3.14463978938973
29530       3.1403071847000357
29540       3.139803208802197
29550       3.1473231102274064
29560       3.1412459954065644
29570       3.1356740309293802
29580       3.1394295628677065
29590       3.1419645261248386
29600       3.1392253578531384
29610       3.1384408884421355
29620       3.140266050338534
29630       3.138412294904037
29640       3.1454803880662667
29650       3.13878314100557
29660       3.139956893547645
29670       3.1389099105853915
29680       3.1393802493604914
29690       3.1437594351473894
29700       3.1448287589385737
29710       3.1409299814565914
29720       3.141490352789971
29730       3.1380345496761564
29740       3.143645860210729
29750       3.1418949739740194
29760       3.143094989554561
29770       3.1371383240230974
29780       3.1389131762209237
29790       3.1449378289406638
29800       3.1354950501933123
29810       3.139231634069754
29820       3.1401970092337903
29830       3.1449667219544226
29840       3.1328095534666742
29850       3.1440592721873295
29860       3.1465474369382767
29870       3.140543866990583
29880       3.14184927507098
29890       3.1463863553906553
29900       3.145201391770154
29910       3.1481229361579213
29920       3.136840751788086
29930       3.140325363589319
29940       3.142101424733549
29950       3.1467723607514357
29960       3.14142660174672
29970       3.1471713771865493
29980       3.1422670181751013
29990       3.1385639826752465
30000       3.1397737706299385
30010       3.141762352514731
30020       3.1425852440693807
30030       3.144650503394849
30040       3.1445467104942018
30050       3.145514380676101
30060       3.1405497358716725
30070       3.1469394375393778
30080       3.137863584422923
30090       3.138237739639538
30100       3.1366839810516502
30110       3.146714504253719
30120       3.146941812003789
30130       3.1368191640015026
30140       3.146227731142971
30150       3.1445143050027946
30160       3.140213848235636
30170       3.1379776857435955
30180       3.1445180747469776
30190       3.145699972115152
30200       3.1425932249940325
30210       3.1429403872333235
30220       3.1415221646401847
30230       3.144576976787549
30240       3.143924659912569
30250       3.141838703499245
30260       3.135916925487997
30270       3.1375809125980294
30280       3.135726280951477
30290       3.141894102010614
30300       3.141368101984195
30310       3.1369315108747595
30320       3.14348931087726
30330       3.1423606137000912
30340       3.135974945872092
30350       3.1466032522377057
30360       3.1374884453404723
30370       3.1410957898156955
30380       3.1415114153301116
30390       3.1432887353334227
30400       3.142240046219079
30410       3.1419759556978217
30420       3.1444244307708553
30430       3.1481758320109137
30440       3.1426211147512446
30450       3.1359676828810064
30460       3.1409326194564624
30470       3.142419088032978
30480       3.1405286149243166
30490       3.1453177929422362
30500       3.1437995531762257
30510       3.14276869524945
30520       3.1432690326471926
30530       3.146122415917161
30540       3.1394212935682577
30550       3.1444583660828855
30560       3.1398645421793745
30570       3.1384301947068813
30580       3.140999359644101
30590       3.143564426716758
30600       3.14518107688212
30610       3.142232865352897
30620       3.1451973852449933
30630       3.146988672624705
30640       3.1385079184410296
30650       3.1430088998473256
30660       3.1411313162536687
30670       3.142996401216883
30680       3.1355611963867256
30690       3.1493729087074622
30700       3.1424012543300015
30710       3.139397001045365
30720       3.1425578400750163
30730       3.1387319400242335
30740       3.1413462341991947
30750       3.13779633808893
30760       3.1371659638041276
30770       3.1402977623511155
30780       3.1424423351463338
30790       3.1452523271184036
30800       3.1396403934277117
30810       3.1435176062820838
30820       3.132935432439413
30830       3.144147092664078
30840       3.1417730961595702
30850       3.136977586160794
30860       3.1386328241812813
30870       3.148973620210011
30880       3.1436276183176903
30890       3.1416799463806293
30900       3.1456601964608217
30910       3.1343910420993577
30920       3.147225001855942
30930       3.143513371066413
30940       3.1447097361297454
30950       3.1429772731162626
30960       3.144676972457538
30970       3.1410302986835377
30980       3.1475545350285485
30990       3.143565497983005
31000       3.138043004932237
31010       3.1413728688370406
31020       3.145530854241703
31030       3.1428264041024785
31040       3.14216313831966
31050       3.1469706480303064
31060       3.143199913421784
31070       3.1396956058140058
31080       3.142992994994149
31090       3.1440071321974083
31100       3.1453959792410893
31110       3.1434356061930457
31120       3.146688863084754
31130       3.1417272676452566
31140       3.1394887125567332
31150       3.1384845152704814
31160       3.143208486899677
31170       3.1450302016335248
31180       3.1421081830610476
31190       3.142253982182994
31200       3.144585658090547
31210       3.1381070946542207
31220       3.1426303786567886
31230       3.138737355707984
31240       3.143123503402631
31250       3.1453401949129507
31260       3.1365843259140482
31270       3.14298429024713
31280       3.136088083542462
31290       3.140910360613045
31300       3.1377460548414144
31310       3.1428069703468244
31320       3.1351679928310405
31330       3.145594941658717
31340       3.1466115116097093
31350       3.1378633202310056
31360       3.139948680854044
31370       3.1383328345549537
31380       3.1403898256453715
31390       3.1461325771800412
31400       3.139731951825817
31410       3.1395810617214224
31420       3.139270879802626
31430       3.1441181007703842
31440       3.1446376533000424
31450       3.139473475387466
31460       3.1412642696964905
31470       3.135469932665351
31480       3.140534220473457
31490       3.1374966446216805
31500       3.1484989406420056
31510       3.1410943263556446
31520       3.140313059119596
31530       3.136933953460469
31540       3.1384272668928377
31550       3.1381352424568996
31560       3.148669854870715
